0  4  1
2  -0.24   0.54  -0.55  -0.87  -0.11
    1.26   0.36   0.66   0.61   0.69
0  5  2
2  -1.46   0.51   0.62  -0.99   2.24
    0.46   0.40   0.38   0.24   0.50
4  -0.47  -0.18   1.63   0.99   0.65  -0.78   0.94   1.06   0.01
    0.68   0.44   0.46   0.52   0.62   0.46   0.52   0.64   0.50
0  6  2
2  -0.78   0.89  -0.39  -0.23   3.70
    0.18   0.23   0.26   0.26   0.25
4  -0.06   0.90   0.50  -0.35   0.63  -0.09   0.40  -0.01  -0.06
    0.86   0.40   0.48   0.64   0.60   0.48   0.66   0.56   0.50
0  7  2
2  -1.35   1.85   0.48   0.67   4.51
    0.76   0.78   0.62   0.46   0.46
4   1.74   1.96  -1.83   0.89  -0.39   1.19  -0.73  -0.43  -1.04
    1.29   0.66   1.05   0.90   1.59   0.66   1.20   0.87   0.93
0  8  2
2  -2.24   2.04   0.03   1.59   4.59
    1.29   0.71   0.94   0.58   0.75
4   0.19   1.39  -0.35  -0.88  -0.89   1.75  -0.37   0.16  -3.13
    1.36   0.92   0.84   1.13   1.11   0.85   0.87   0.78   1.01
0  9  2
2  -0.52   2.34  -1.00   2.09   6.03
    0.99   0.63   0.79   0.81   0.89
4   2.62   0.34  -0.53  -0.94  -2.40   1.93   0.00   0.65  -3.26
    0.99   0.63   1.06   0.73   1.44   0.85   1.12   0.75   1.33
0 11  3
2  -1.47   2.66  -1.32   3.73   7.78
    0.63   0.40   0.45   0.42   0.45
4   1.02   1.95  -1.81  -1.69  -0.15   1.56  -0.44  -0.53  -3.73
    1.00   0.45   0.45   0.40   0.55   0.44   0.49   0.50   0.36
6  -1.47   1.58   0.33  -2.18  -1.08   0.18   2.56  -1.09  -1.28  -1.39   0.01   1.56   0.03
    0.68   0.52   0.69   0.56   0.38   0.48   0.47   0.42   0.66   0.54   0.40   0.48   0.51
0 12  3
2  -1.87   3.11  -2.59   5.34   7.86
    0.84   0.53   0.50   0.55   0.43
4   1.57   1.00  -0.96  -2.40  -1.63   1.29   0.79  -0.54  -4.14
    1.05   0.62   0.74   0.69   0.49   0.55   0.69   0.64   0.70
6  -1.51   1.66  -1.04  -2.27  -0.08   1.87   3.75  -0.85  -0.52  -1.72   0.43   2.13  -0.33
    1.17   0.75   0.79   0.61   0.74   0.72   0.59   0.66   0.61   0.64   0.67   1.15   0.63
0 13  3
2  -2.12   2.64  -3.00   6.12   9.51
    1.03   0.47   0.50   0.41   0.42
4   3.41   1.09  -0.36  -2.84  -1.52   2.56   2.16  -0.16  -4.53
    1.21   0.62   0.87   0.54   0.58   0.49   0.44   0.45   0.46
6  -2.41   3.05  -0.63  -0.89  -0.51   1.71   3.23  -2.29  -1.55  -1.42  -0.14  -0.41  -0.35
    0.87   0.78   0.76   0.80   0.59   0.48   0.56   0.86   0.46   0.41   0.40   0.55   0.60
0 14  3
2  -2.00   2.56  -4.00   6.30   9.50
    2.00   0.88   0.76   0.53   0.76
4  -0.33   0.88  -3.17  -2.12  -0.11   1.13   2.72  -0.37  -3.33
    2.72   0.88   1.30   0.82   1.57   0.63   0.73   0.72   0.81
6   1.40   5.25   1.61  -0.91   0.92   1.90   4.46  -0.13  -2.76  -3.91  -0.10  -0.21  -1.01
    2.37   0.79   1.25   1.05   0.81   0.85   0.80   0.61   0.84   0.83   0.71   0.79   0.61
0 15  3
2  -2.76   2.54  -5.50   6.80  11.47
    0.86   0.97   0.59   0.72   0.63
4   4.46   1.10  -1.54  -0.86  -3.11   0.67   1.76   0.05  -5.20
    1.00   0.73   0.81   1.26   1.30   1.61   0.43   0.55   0.41
6  -1.87   7.88  -0.07  -3.92  -2.39   1.14   1.92  -2.21  -4.95  -3.53   2.67   1.54   1.32
    1.17   1.31   1.34   1.93   1.06   0.81   1.57   1.23   1.03   0.86   2.22   0.95   0.90
0 16  3
2  -3.57   4.75  -6.00   9.00  12.00
    2.27   0.97   1.10   1.39   1.14
4   3.67  -0.15   1.26  -3.59  -0.78   4.06   0.35   1.28  -8.82
    1.45   0.91   1.90   1.21   1.40   0.82   1.06   0.98   1.97
6  -1.72   6.30  -3.37  -0.68   0.70   0.23   5.39   1.20  -3.96  -1.88  -0.87   0.26   0.19
    1.62   1.43   1.78   2.57   1.58   1.19   1.07   1.23   1.38   1.87   1.32   1.40   1.01
0 17  3
2  -1.75   5.25  -6.00   8.00  11.36
    2.67   0.81   0.85   0.99   1.39
4   4.71   1.81   0.78  -3.19  -2.38   3.79  -0.84  -2.18  -4.36
    2.48   1.46   2.35   1.34   1.80   1.51   1.05   2.04   2.49
6   3.95   6.25  -4.68  -3.43  -4.73   2.64   2.91  -0.63  -3.95  -6.76   1.32   4.61   1.08
    2.17   1.48   1.70   1.69   1.89   1.81   1.72   1.78   1.70   1.48   1.00   2.82   1.53
0 18  3
2  -1.50   5.38  -6.00  10.50  12.50
    2.84   0.98   1.02   1.65   1.26
4   0.59  -0.77  -1.50  -4.75  -1.69   4.92   1.01   2.09  -9.98
    2.90   1.73   2.06   1.26   2.27   1.26   1.56   1.20   1.24
6   3.10   6.52  -1.12  -1.78  -3.61   3.19   6.97  -0.69  -4.22  -5.31   0.61  -0.72  -1.05
    3.22   1.70   1.84   1.85   1.98   2.01   1.80   1.71   1.24   1.48   1.58   1.25   1.86
0 19  3
2  -1.88   4.97  -6.58  11.25  14.00
    2.00   1.11   0.73   0.96   0.96
4   3.69  -1.79  -1.50  -4.92  -3.66   5.61   1.36   0.56 -10.58
    2.35   1.19   1.85   1.48   1.37   1.05   1.02   0.98   0.96
6   1.60   5.91  -4.02  -5.00  -2.10   2.65   6.00  -3.10  -3.99  -5.32   0.67   0.36  -2.34
    1.69   1.20   1.81   1.63   1.10   1.22   1.34   0.99   1.17   1.50   1.05   0.93   1.52
0 20  3
2  -2.20   5.25  -7.91  12.17  14.50
    3.06   0.81   1.19   1.27   1.05
4   0.40  -2.60  -2.16  -5.80  -4.00   4.00   2.00  -0.25 -11.66
    4.01   2.30   2.28   1.60   1.83   1.28   1.36   1.38   1.41
6   3.50   6.27  -4.20  -6.09  -2.26   0.67   7.20  -3.10  -5.34  -5.35   0.17   1.16  -0.55
    3.81   2.14   1.81   1.86   2.35   1.79   1.43   1.56   1.66   1.22   1.06   1.74   1.74
0 21  3
2  -0.78   5.70  -8.20  12.11  15.83
    1.44   0.86   1.01   0.99   1.23
4   3.89  -2.50  -2.80  -6.10  -4.10   4.00   1.50  -0.25 -12.00
    1.24   1.90   1.61   0.82   1.32   1.35   1.23   1.25   0.99
6   2.18   3.46  -3.23  -5.00  -4.70   0.76   7.00  -2.52  -2.62  -6.50   1.20   2.50   1.00
    2.23   1.77   2.22   2.46   1.68   1.77   1.80   1.63   1.87   1.50   1.74   1.77   2.10
0 22  3
2   0.78   5.11  -8.85  12.65  16.64
    2.61   1.75   1.78   1.51   0.97
4   7.00  -3.00  -1.90  -6.00  -4.50   4.50   1.40  -0.31 -11.80
    4.28   1.93   1.51   1.39   1.45   1.50   1.36   3.04   2.42
6   2.50   4.28  -3.80  -6.35  -3.50   0.71   6.29  -2.85  -2.00  -6.59   0.00   1.70   0.57
    3.56   1.68   1.73   3.51   2.97   3.96   1.25   1.53   1.75   1.56   1.61   3.42   1.45
0 23  3
2   1.01   4.11  -8.85  12.90  16.64
    1.67   3.00   1.78   2.50   0.93
4   8.23  -1.94  -1.33  -5.76  -4.81   4.05   2.07  -0.31 -11.05
    1.45   3.32   1.38   1.48   1.50   2.00   0.96   3.40   3.91
6   3.51   5.28  -1.83  -6.55  -2.20  -0.06   4.36  -1.45  -1.27  -6.29  -0.70   0.07   4.19
    1.50   1.72   3.29   1.68   2.74   1.63   1.45   2.08   1.56   2.59   1.86   1.47   3.31
0 24  3
2   2.54   2.83  -8.44  12.90  15.47
    0.96   3.00   1.75   2.50   2.56
4  10.01  -4.64  -2.12  -5.76  -4.76   4.05   1.67  -0.31 -11.05
    1.44   2.59   1.47   1.44   1.52   2.00   0.85   3.40   3.10
6   3.96   5.75   0.39  -4.18  -2.20  -1.63   7.27   0.67  -1.27  -9.39  -0.70  -0.44   3.80
    1.29   2.44   3.29   3.62   1.99   2.33   5.77   3.14   1.39   1.53   1.70   1.76   3.99
0 25  3
2   2.76   5.42  -8.09  13.50  15.19
    1.64   3.84   1.19   2.50   2.50
4   8.23   0.04  -1.30  -6.05  -3.15   6.10   1.67  -1.84 -11.05
    2.64   1.50   1.36   1.75   1.50   2.99   1.38   2.13   3.10
6   4.39   6.43  -1.83  -7.68  -2.30  -0.06   7.13   0.67  -1.27  -6.29  -1.70   0.07   3.80
    1.30   1.51   3.23   2.57   2.15   2.59   5.56   3.91   1.74   1.54   1.52   3.57   3.77
0 26  3
2   3.33   6.00 -10.00  16.00  17.19
    1.50   2.50   2.00   2.50   2.50
4  10.01  -4.00  -1.00  -6.30  -4.76   8.12   1.43  -1.64 -13.14
    1.94   1.96   1.62   2.15   3.17   2.99   1.36   3.13   4.13
6   4.39   5.00  -3.00  -8.09  -5.31   1.00  10.00  -1.25  -3.00  -8.39   2.00   1.00   1.00
    1.79   2.73   5.65   3.20   1.37   3.65   1.34   4.03   1.31   2.24   1.52   4.88   2.48
0 27  3
2   4.81   8.81  -9.62  17.22  14.47
    2.19   3.14   2.50   3.45   2.50
4   8.48  -0.15  -0.17  -6.32  -7.63  10.55   1.43  -1.64 -11.43
    5.18   1.50   1.53   1.50   2.33   3.60   1.30   1.65   4.60
6   5.60   8.27  -4.01  -8.09  -2.31   1.69  11.46  -1.97  -1.16  -6.78   0.36   2.48   1.74
    2.15   3.50   2.27   1.77   2.15   1.70   3.28   1.51   1.49   1.76   1.47   2.86   2.62
0 28  3
2   6.61   5.73 -10.95  19.55  14.47
    3.00   1.50   2.50   3.45   3.13
4  11.32  -3.60   1.51  -6.32  -7.63  10.55   2.06   0.53 -16.98
    3.19   1.44   2.47   1.50   2.70   1.55   2.25   3.22   1.70
6   3.51   5.30  -4.67 -10.25  -4.48   1.81  13.67   0.75  -3.46  -6.78   1.35   3.06   1.74
    2.42   1.82   5.34   1.65   3.22   1.37   2.31   1.47   1.81   5.11   1.56   5.79   2.83
0 29  3
2   6.28   9.33 -10.56  21.21  16.95
    3.00   3.14   3.00   2.46   3.68
4  11.86  -3.60   1.71  -9.02  -7.63  14.52   4.54   1.38 -16.17
    2.39   3.29   1.50   2.34   1.54   1.57   3.46   3.26   1.50
6   5.65   8.63  -7.47  -7.12  -7.74   1.22  15.23   1.74  -0.83  -6.78   2.13   3.06   1.74
    4.14   2.63   1.19   1.38   2.37   1.25   2.09   1.93   3.50   4.51   2.62   5.79   3.99
0 30  3
2   5.00   7.50 -15.60  24.45  19.16
    2.50   1.50   4.02   3.63   2.50
4  11.50  -3.60   1.00  -7.50  -7.00  14.00   4.00   2.20 -16.98
    2.39   3.29   2.00   1.48   1.50   2.62   2.50   1.50   1.50
6   5.00   7.50  -6.90  -9.69  -6.48   0.81  13.23   1.10  -4.46  -6.65   2.13   3.64   2.12
    3.48   4.95   1.86   3.14   5.21   1.59   1.92   1.53   4.37   5.29   3.80   5.86   3.25
0 31  3
2   5.00   8.33 -17.45  25.45  20.50
    2.57   1.50   4.02   1.84   3.28
4  11.50  -5.00   1.50  -8.00  -6.50  13.50   4.00   1.56 -17.55
    3.22   4.33   2.00   4.91   2.60   5.54   2.64   1.50   2.00
6   7.43   6.00  -6.00 -11.51  -8.00   1.00  13.00  -0.50  -5.50 -12.00   3.00   1.00   0.00
    3.93   4.00   1.57   1.63   4.92   3.71   3.23   2.65   1.35   4.30   2.15   3.65   2.70
0 36  3
2   4.50   8.50 -20.50  32.50  24.00
    2.00   1.50   1.50   2.00   4.00
4  14.80  -8.50  -0.70  -9.50  -6.50  22.50   6.01   1.00 -20.93
    3.00   3.00   2.00   2.00   2.00   5.00   3.00   3.00   2.00
6   7.00   6.60  -8.00 -12.50 -13.00   0.01  15.50  -0.50  -7.20 -14.00   2.75   2.50  -3.52
    2.00   2.00   2.50   1.50   2.00   1.50   2.50   2.50   2.00   3.00   2.50   4.00   2.00
0 40  3
2   6.00  11.25 -25.00  36.00  28.00
    3.00   2.00   3.00   3.00   4.00
4  15.17 -10.70  -0.18 -12.17  -6.40  19.88   5.11   0.32 -25.87
    3.00   3.00   2.00   2.00   2.00   5.00   3.00   3.00   2.00
6   8.80   5.80 -10.00 -15.00 -14.00   0.58  17.00  -1.00 -10.00 -20.50   2.59   1.94  -2.48
    2.00   3.00   3.00   2.00   2.00   1.50   2.50   2.50   2.50   3.00   3.00   4.00   2.00
0 45  3
2   7.00  11.15 -30.50  44.00  31.50
    3.00   2.00   2.50   3.00   3.00
4  18.50 -12.78  -1.00 -12.50  -6.00  26.00   8.00   1.15 -27.67
    3.00   3.00   2.00   2.00   2.00   5.00   3.00   3.00   2.00
6   9.00   8.00 -12.50 -18.00 -17.50  -2.50  20.70   0.00 -11.70 -21.50   2.50   4.20  -2.30
    4.00   3.00   3.00   2.00   2.50   2.00   2.00   3.50   2.50   3.00   2.50   4.00   3.00
0 49  3
2   8.00  14.00 -34.00  48.00  32.00
    6.00   2.50   2.50   4.00   4.00
4  23.00 -14.84  -0.50 -13.50  -5.00  28.00   9.12   0.70 -30.00
    3.00   3.00   2.00   2.00   2.00   5.00   3.00   3.00   2.00
6   9.14   7.50 -14.00 -21.30 -19.00  -1.50  23.00   2.96 -12.50 -25.00   6.50   3.50  -2.00
    5.00   5.00   4.00   3.00   5.00   2.50   4.00   5.00   3.50   5.00   3.00   4.00   3.00
1  1  1
2   0.31   0.00  -1.20   1.00   0.00
    2.00   1.00   1.00   2.00   1.00
1  2  1
2  -2.00   0.25  -0.33   0.54   1.25
    1.00   0.65   0.70   0.90   0.50
1  3  1
2  -0.45   0.20   0.60  -1.95   3.00
    0.69   0.40   0.50   0.70   1.00
1  4  1
2   0.60   0.80   0.25  -0.95   4.10
    1.25   0.60   0.75   1.25   1.50
1  5  1
2   1.82   0.65  -0.86  -4.08   6.28
    0.46   0.33   0.44   0.35   0.35
1  6  1
2   1.70   0.30   0.00  -4.70   5.10
    0.50   0.50   0.52   0.50   0.55
1  7  1
2   2.91   0.46   3.07  -3.74   5.72
    1.07   0.71   1.55   1.03   0.47
1  8  1
2   2.27   0.97   0.54  -3.83   7.83
    1.45   0.81   2.00   0.72   0.94
1  9  1
2   7.02   1.22   0.77  -5.18   5.51
    1.66   0.96   0.88   1.26   1.55
2  2  1
2  -2.50  -0.75   2.00  -1.00   3.00
    2.50   2.14   2.00   2.50   2.50
2  4  1
2   4.50   0.44   2.00  -2.50   5.50
    1.50   1.00   2.00   1.50   1.50
2  8  1
2   8.00   0.57   1.00  -9.00   9.50
    2.50   3.00   3.50   2.50   3.50
