0  3  2
2   0.75  -0.20   0.20  -0.40   0.75
    0.50   0.45   0.45   0.80   0.80
4  -0.01  -0.12   0.00  -0.08  -0.32   0.02  -0.02   0.02  -0.14
    0.35   0.40   0.40   0.45   0.45   0.45   0.45   0.45   0.45
0  4  2
2   1.70   0.20   0.30  -0.80   0.93
    0.30   0.20   0.25   0.30   0.25
4  -0.06   0.01   0.11  -0.20  -0.23  -0.06   0.24  -0.01  -0.27
    0.35   0.30   0.35   0.40   0.35   0.40   0.40   0.40   0.40
0  5  2
2   1.85   0.55   0.35  -1.30   1.75
    0.45   0.25   0.30   0.30   0.25
4   0.10  -0.10   0.00   0.03  -0.01  -0.02   0.30  -0.10  -0.23
    0.40   0.30   0.30   0.35   0.40   0.35   0.30   0.35   0.35
0  6  3
2   1.60   0.70   0.50  -2.32   2.15
    0.30   0.25   0.20   0.15   0.15
4  -0.22   0.00   0.60   0.45   0.40   0.50   0.60   0.10  -0.54
    0.30   0.25   0.25   0.25   0.30   0.25   0.25   0.25   0.25
6  -0.27   0.20   0.00  -0.04  -0.40  -0.10   0.32   0.10  -0.10  -0.20   0.07   0.15  -0.22
    0.20   0.20   0.20   0.20   0.20   0.25   0.20   0.20   0.20   0.20   0.25   0.25   0.20
0  7  3
2   1.00   1.00   0.33  -2.50   2.50
    0.40   0.20   0.30   0.30   0.30
4  -0.45  -0.10   0.45   0.15   0.20   0.20   0.10  -0.10  -0.55
    0.40   0.25   0.25   0.25   0.25   0.20   0.30   0.25   0.25
6  -0.48   0.00   0.10  -0.50  -0.23   0.20   0.16  -0.01  -0.11  -0.65   0.18   0.30  -0.16
    0.30   0.20   0.20   0.20   0.20   0.25   0.20   0.25   0.30   0.35   0.30   0.25   0.20
0  8  3
2   1.30   1.36   0.40  -2.30   3.20
    0.35   0.15   0.20   0.40   0.30
4  -0.35  -0.20   0.40   0.40   0.40   0.91   0.84   0.10  -0.48
    0.30   0.20   0.20   0.15   0.20   0.20   0.25   0.20   0.20
6  -0.20   0.00  -0.20  -0.80  -0.20  -0.25   0.63   0.43  -0.48  -1.10   0.45   0.53  -0.30
    0.25   0.20   0.20   0.20   0.20   0.20   0.20   0.25   0.25   0.20   0.25   0.20   0.20
0  9  3
2   1.01   1.49   0.27  -2.17   3.19
    0.46   0.29   0.33   0.35   0.43
4  -0.15  -0.20  -0.17   0.68   0.30   1.10   0.77   0.50  -0.60
    0.50   0.40   0.40   0.40   0.40   0.40   0.40   0.45   0.40
6  -0.42   1.00   0.14  -1.45  -0.36   0.09   1.01  -0.29  -0.44  -1.20   0.50   0.70   0.20
    0.50   0.40   0.40   0.40   0.30   0.50   0.50   0.50   0.50   0.40   0.45   0.45   0.55
0 10  3
2  -0.30   1.85   0.39  -2.09   3.76
    0.27   0.14   0.18   0.15   0.26
4  -0.15  -0.20   0.29   0.60   0.04   1.20   1.00   1.21  -0.45
    0.40   0.30   0.20   0.20   0.25   0.25   0.30   0.36   0.25
6   0.13   1.04   0.06  -1.50  -0.25  -0.17   0.88  -0.08  -0.76  -1.36   0.60   1.16  -0.09
    0.70   0.30   0.30   0.25   0.25   0.25   0.30   0.25   0.30   0.30   0.30   0.30   0.35
0 11  3
2  -2.25   2.76   0.68  -1.81   4.80
    0.62   0.30   0.37   0.45   0.37
4  -0.48  -0.39   0.07   0.72   0.32   1.77   0.88   0.41  -1.55
    0.49   0.51   0.44   0.62   0.51   0.55   0.54   0.70   0.62
6  -1.06   1.48  -0.39  -1.68   0.50  -1.43   1.22   0.12  -0.20  -0.79   0.96   0.76  -0.15
    0.53   0.45   0.47   0.48   0.59   0.42   0.55   0.55   0.68   0.61   0.38   0.82   0.63
0 12  3
2  -3.94   2.70  -0.15  -1.12   5.70
    0.31   0.12   0.18   0.16   0.18
4  -0.70  -0.60  -0.60   1.21   0.35   1.60   1.25   1.60  -1.30
    0.30   0.25   0.25   0.25   0.25   0.25   0.25   0.30   0.35
6  -1.20   1.05  -0.16  -1.96  -0.43  -1.11   1.55  -0.13  -1.40  -1.50   0.50   2.23  -0.70
    0.40   0.35   0.30   0.25   0.40   0.30   0.25   0.35   0.35   0.25   0.40   0.30   0.40
0 13  3
2  -4.85   2.96   0.13  -0.22   5.94
    0.32   0.24   0.20   0.24   0.30
4  -0.90  -0.55  -0.80   1.38   0.75   2.00   1.34   0.87  -1.30
    0.39   0.36   0.35   0.30   0.25   0.35   0.35   0.40   0.30
6  -0.93   1.50   0.40  -1.89  -0.25   0.24   1.64  -1.00  -1.32  -1.30  -0.30   1.57   0.01
    0.50   0.37   0.30   0.40   0.35   0.60   0.40   0.45   0.35   0.25   0.40   0.50   0.50
0 14  3
2  -6.73   2.92  -0.42   0.30   7.36
    0.32   0.18   0.15   0.21   0.25
4  -1.00  -0.85  -0.90   1.50   0.80   1.77   1.50   1.20  -1.60
    0.41   0.38   0.35   0.25   0.20   0.25   0.25   0.35   0.25
6  -0.48   0.78  -0.11  -1.87   0.49  -0.35   2.47  -1.20  -1.59  -1.23   0.26   2.12  -0.57
    0.40   0.25   0.26   0.28   0.45   0.38   0.27   0.28   0.25   0.29   0.34   0.32   0.26
0 15  3
2  -7.67   3.99   0.14   0.72   8.08
    0.31   0.26   0.40   0.28   0.32
4  -1.45  -0.50  -0.60   1.50   1.19   1.50   1.50   0.90  -1.60
    0.45   0.30   0.35   0.25   0.30   0.35   0.35   0.35   0.35
6  -1.55   1.50   0.50  -2.01   0.31   0.64   2.00  -1.50  -1.49  -1.60   0.40   1.45   0.38
    0.45   0.59   0.52   0.35   0.31   0.42   0.28   0.43   0.37   0.34   0.37   0.33   0.32
0 16  3
2  -9.58   4.19  -0.60   1.22   9.53
    0.69   0.30   0.28   0.30   0.45
4  -1.50  -0.80  -1.15   0.98   1.50   1.50   1.38   1.40  -1.60
    0.55   0.35   0.40   0.40   0.50   0.50   0.40   0.50   0.40
6  -2.27   1.86  -0.31  -1.85   0.69  -0.34   2.46  -1.00  -1.33  -1.84  -0.28   1.04  -0.61
    0.59   0.32   0.46   0.42   0.59   0.40   0.35   0.83   0.39   0.40   0.49   0.64   0.82
0 17  3
2  -9.28   4.98  -0.58   1.48   9.20
    0.45   0.31   0.33   0.53   0.41
4  -1.80  -0.42  -0.97   1.17   1.15   1.66   1.43   0.24  -0.93
    0.74   0.41   0.43   0.33   0.23   0.40   0.41   0.47   0.51
6  -2.08   2.32   0.06  -2.89   0.90   0.11   1.98  -2.04  -1.61  -2.00  -0.27   1.91   0.50
    0.75   0.45   0.65   0.57   0.58   0.47   0.57   0.57   0.57   0.38   0.57   0.60   0.74
0 18  3
2  -9.88   5.06  -0.65   2.36   9.79
    0.49   0.40   0.36   0.51   0.43
4  -1.60  -0.68  -0.90   1.15   1.21   1.37   1.02   0.59  -0.79
    0.49   0.38   0.42   0.42   0.42   0.43   0.43   0.55   0.46
6  -2.44   2.28  -0.40  -2.58   0.73  -0.53   1.82  -2.20  -1.42  -2.17  -0.48   1.68   1.01
    0.87   0.45   0.40   0.44   0.42   0.48   0.44   0.54   0.50   0.57   0.66   0.75   0.56
0 19  3
2 -11.50   5.78  -0.35   2.68  11.29
    0.72   0.51   0.52   0.61   0.54
4  -2.49  -0.64  -0.88   0.39   1.39   1.89   0.45   1.32  -0.63
    0.94   0.42   0.44   0.49   0.67   0.61   0.53   0.84   0.76
6  -2.02   2.24   0.13  -2.75   0.82   0.55   1.08  -2.42  -2.23  -1.96  -1.72   1.83  -0.79
    0.98   0.58   0.66   0.81   0.61   0.67   0.70   0.63   0.62   0.70   0.83   1.23   0.64
0 20  3
2 -11.39   5.73  -0.64   3.61  10.99
    0.35   0.20   0.22   0.24   0.27
4  -1.68  -0.89  -0.69   0.68   1.18   1.30   1.40  -0.02  -0.77
    0.67   0.47   0.46   0.59   0.45   0.41   0.50   0.40   0.52
6  -1.77   2.44   0.10  -2.05   0.35  -0.30   1.80  -2.80  -2.50  -1.80  -0.50   1.00   1.20
    0.41   0.29   0.41   0.32   0.25   0.36   0.36   0.37   0.37   0.37   0.47   0.53   0.33
0 21  3
2 -13.00   5.80  -1.38   4.50  12.20
    0.55   0.35   0.55   0.55   0.55
4  -1.98  -0.80  -1.00   1.10   1.21   0.74   1.00   0.80  -1.50
    0.70   0.50   0.75   0.70   0.60   0.70   0.60   0.75   0.60
6  -0.92   2.75  -0.01  -1.44   0.21   0.22   1.81  -2.70  -2.27  -1.60   0.90   0.60   1.10
    0.86   0.62   0.61   0.76   0.52   0.65   0.68   0.61   0.64   0.67   1.14   0.85   0.73
0 22  3
2 -14.01   6.10  -1.25   5.20  12.50
    0.70   0.40   0.50   0.40   0.80
4  -0.80  -0.78  -1.15   0.80   0.93   0.65   0.90   0.50  -1.30
    0.80   0.30   0.75   0.50   0.50   0.40   0.80   0.70   0.80
6  -0.92   2.45   0.35  -1.00  -0.30   0.20   1.89  -2.50  -2.60  -1.69   0.50   0.56   2.07
    0.90   0.35   0.43   0.74   0.35   0.60   0.35   0.45   0.67   0.92   0.70   0.72   0.70
0 23  3
2 -14.41   6.10  -1.25   5.50  13.00
    0.70   0.30   0.50   0.35   0.80
4  -1.50  -0.60  -1.50   0.80   0.70   0.50   0.54   0.50  -1.10
    0.80   0.50   0.70   0.60   0.50   0.70   0.80   0.70   0.80
6  -1.49   2.44   0.90  -1.41  -0.30  -0.20   1.75  -2.50  -2.53  -1.32   0.60   0.60   2.20
    1.20   0.45   0.59   0.60   0.60   0.60   0.40   0.60   0.67   0.56   0.60   0.55   0.70
0 24  3
2 -14.50   6.60  -1.28   6.30  13.30
    0.70   0.30   0.50   0.50   0.80
4  -2.00  -0.50  -1.65   0.90   0.60   0.60   0.50   0.50  -0.31
    0.80   0.50   0.60   0.60   0.50   0.40   0.50   0.70   0.70
6  -1.49   2.60   0.80  -1.30  -0.30   0.15   2.10  -2.48  -3.26  -1.22   0.90   0.24   2.12
    1.20   0.50   0.60   0.70   0.70   0.60   0.70   0.60   0.61   0.60   0.70   0.60   0.75
0 25  3
2 -14.50   6.85  -1.35   6.60  13.00
    0.70   0.30   0.50   0.35   0.80
4  -1.50  -0.39  -1.70   0.70   0.70   0.85   0.10  -0.50  -0.50
    1.00   0.80   0.60   0.60   0.60   0.90   0.50   0.80   0.60
6  -1.97   2.75   0.70  -1.00  -0.05   0.40   1.85  -2.90  -2.50  -1.22   0.90   0.30   2.69
    0.98   0.79   0.65   0.61   0.52   0.56   0.55   0.56   0.56   0.55   0.82   0.49   0.74
0 26  3
2 -14.50   6.90  -1.30   7.00  14.00
    0.70   0.35   0.30   0.40   0.70
4  -2.00   0.35  -1.70   0.70   0.70   0.85  -0.30  -1.40  -0.40
    1.00   0.45   0.50   0.60   0.45   0.90   0.70   0.70   0.70
6  -3.00   3.00   0.25  -1.30   0.20   0.45   2.47  -3.50  -2.80  -1.22   1.00   0.05   1.52
    0.79   0.99   1.36   0.51   0.52   0.91   0.44   0.90   0.55   0.58   0.54   0.85   1.56
0 27  3
2 -14.50   7.70  -0.80   7.30  14.00
    0.70   0.60   0.50   0.50   0.70
4  -2.05   0.50  -1.70   0.50   0.80   0.65  -0.70  -1.40  -0.10
    0.85   0.50   0.50   0.60   0.45   0.90   0.80   0.70   0.70
6  -1.97   2.31  -0.14  -1.07  -0.10  -0.19   1.61  -3.80  -3.30  -1.75   0.90   0.00   1.50
    0.71   0.70   0.63   0.53   0.83   0.60   0.93   0.90   0.60   0.79   0.65   0.57   1.38
0 28  3
2 -13.80   7.80  -1.10   8.30  15.50
    0.70   0.80   0.60   0.50   1.00
4  -2.45   0.35  -1.25   0.22   1.00   0.65  -0.50  -0.85  -0.40
    1.00   0.50   0.70   0.60   0.60   0.70   0.80   0.60   0.80
6  -2.50   2.80   0.50  -1.27   0.00   0.40   2.00  -4.03  -4.30  -2.62   0.30   1.00   1.00
    0.90   1.05   0.97   0.84   0.75   1.00   1.00   0.70   0.51   1.04   1.00   0.70   0.87
0 29  3
2 -13.90   7.80  -1.10   8.80  16.50
    0.70   0.80   0.70   0.60   1.00
4  -2.85   0.80  -1.00  -0.10   1.40   1.30  -0.90  -0.55  -0.55
    0.90   0.60   0.80   0.60   0.60   0.90   1.00   0.70   0.70
6  -2.86   2.80  -0.54  -1.27   0.00  -0.40   1.94  -4.12  -4.01  -3.40   0.30   0.30   0.90
    0.70   1.00   0.62   0.90   0.58   1.00   0.64   0.61   0.60   0.98   0.77   1.25   0.87
0 30  3
2 -14.10   9.30  -0.20   9.40  16.30
    0.70   0.70   1.00   0.40   1.00
4  -3.25   1.21   0.10   0.50   1.00   2.27  -0.60  -0.55  -0.57
    0.90   0.60   0.90   0.60   0.60   1.00   0.80   0.70   0.60
6  -3.13   3.50  -0.80  -1.93   0.25   0.60   2.50  -4.43  -4.30  -3.50   1.60   0.50   0.00
    1.20   0.55   1.31   0.81   0.58   0.74   0.45   0.80   0.62   0.77   1.07   1.00   0.91
0 31  3
2 -14.20   9.30   0.40   9.30  17.50
    0.70   0.50   0.90   0.50   1.00
4  -3.21   1.22  -0.23  -0.50   0.54   2.04  -0.50   0.47  -0.63
    1.82   0.60   1.02   0.60   1.45   1.04   0.90   1.80   0.60
6  -2.56   2.20  -1.09  -3.39   0.86  -0.43   2.75  -4.09  -4.06  -4.36   2.27   1.29   0.68
    1.50   1.63   1.36   0.67   1.15   0.96   0.95   1.26   1.20   1.11   1.13   1.07   1.83
0 32  3
2 -14.50   9.30   0.00  10.20  17.70
    1.00   0.90   1.30   0.50   0.90
4  -3.85   1.32  -0.27  -0.68   1.50   2.20   0.30   0.40  -0.57
    1.00   0.60   1.00   0.55   0.80   1.05   0.90   1.20   0.60
6  -4.00   3.50  -1.00  -2.50   0.90   0.56   2.80  -4.20  -4.49  -3.70   1.90   1.30  -0.66
    1.50   0.66   0.70   0.78   0.76   1.00   0.73   1.00   0.90   0.53   0.69   1.15   0.96
0 33  3
2 -15.26   9.41   0.93  10.16  18.09
    1.00   0.50   1.00   0.50   0.90
4  -4.44   1.22  -0.25  -1.69   0.69   1.34   0.82   1.25  -0.26
    1.00   0.60   0.80   1.59   0.80   0.98   0.90   0.87   1.07
6  -2.13   2.10  -0.88  -2.79   0.86   0.51   3.14  -3.24  -4.06  -2.81   2.32   2.54  -0.71
    3.83   0.68   0.65   1.16   0.67   1.72   0.81   0.64   0.79   0.83   1.08   1.11   0.77
0 34  3
2 -15.00  10.20   0.10  11.40  18.70
    1.00   0.70   0.80   0.80   0.90
4  -4.10   1.31  -0.10  -0.60   1.00   3.30   0.75   0.50  -0.20
    1.09   0.55   0.70   0.60   0.80   1.11   1.00   0.92   1.00
6  -4.50   3.80  -1.60  -2.43   0.76   1.36   2.90  -4.57  -5.51  -3.90   2.00   0.68   0.00
    1.50   0.80   0.80   0.64   0.45   0.70   0.67   1.50   1.61   0.90   0.82   1.44   0.80
0 35  3
2 -13.80  10.50   0.30  10.82  20.00
    1.30   0.90   0.90   0.70   1.00
4  -5.00   1.50   0.00  -1.36   0.11   3.00  -0.25   0.16  -0.80
    0.93   0.68   1.11   1.59   0.70   1.00   1.70   0.91   2.00
6  -4.64   3.30  -1.54  -2.79   0.80   1.27   3.51  -5.10  -5.76  -4.71   2.54   1.00  -1.06
    2.00   0.66   0.98   0.45   0.58   0.63   0.61   1.48   2.50   1.82   0.67   1.54   2.20
0 36  3
2 -13.91  11.21   0.50  11.50  19.50
    1.00   0.50   0.70   0.70   1.30
4  -4.50   1.75  -0.10  -0.84   0.60   4.80  -0.20   0.10  -1.00
    1.00   0.70   0.70   1.06   1.00   1.11   1.40   0.90   1.00
6  -4.00   3.60  -1.70  -2.07   0.60   1.25   4.37  -4.77  -5.21  -4.98   2.43   1.00  -0.20
    1.52   0.57   0.76   1.50   0.72   0.61   0.80   0.80   2.32   1.00   3.45   1.72   1.04
0 37  3
2 -13.31  11.38   0.29  11.92  19.26
    1.00   0.50   0.50   1.00   1.00
4  -5.00   2.06  -0.58  -1.36  -0.08   4.24  -1.27  -0.44  -1.87
    1.17   0.60   0.96   0.70   1.77   1.00   1.13   0.89   1.44
6  -4.64   2.98  -1.55  -1.60   1.06   2.38   3.89  -5.10  -5.76  -5.14   1.33  -0.33  -1.12
    1.00   1.69   2.98   0.68   0.78   1.29   1.78   0.67   2.15   1.00   1.62   2.76   1.02
0 38  3
2 -13.00  11.40   0.10  12.15  20.70
    1.40   0.90   0.70   0.80   1.20
4  -4.06   1.90  -0.50  -1.60  -0.80   5.20  -0.50   0.20  -1.30
    2.00   1.00   1.00   0.90   1.00   1.20   1.50   1.50   1.50
6  -5.00   3.70  -1.03  -2.11   0.40   1.30   4.50  -5.10  -6.50  -5.20   3.50   2.90  -1.00
    1.15   1.50   1.31   1.00   0.95   0.70   1.50   0.80   1.50   1.00   3.00   1.50   0.86
0 39  3
2 -13.31  10.63   0.29  12.34  20.12
    1.40   0.80   0.80   0.90   1.20
4  -5.00   2.78  -1.23  -1.73  -1.84   3.96  -1.27   1.92  -0.32
    1.50   1.00   1.44   1.00   1.00   1.67   2.77   3.50   1.47
6  -5.12   3.43   0.46  -1.41   1.13   1.32   3.84  -5.13  -7.21  -5.14   5.19   4.03  -0.43
    3.63   1.27   1.50   1.25   1.19   1.65   1.70   1.25   1.59   1.30   3.22   1.32   2.02
0 40  3
2 -13.00  10.70  -0.50  12.40  21.73
    1.40   1.00   1.50   1.00   1.30
4  -4.07   2.78  -2.20  -2.15  -0.95   3.52  -0.18   4.15   0.67
    1.48   1.00   3.19   1.00   1.00   3.00   2.24   3.31   2.50
6  -7.25   3.43   0.44  -1.64   1.93   0.21   5.41  -4.42  -8.22  -6.88   7.36   4.92   0.63
    2.98   1.32   2.00   1.59   1.50   1.65   2.33   1.25   1.55   2.77   3.22   1.32   1.17
0 41  3
2 -11.60  11.90   1.40  13.80  22.80
    2.00   1.20   1.30   1.00   1.30
4  -4.07   1.31   0.13  -2.15  -1.30   4.82   0.24   2.50  -1.00
    1.50   2.62   2.44   1.93   0.92   2.50   1.57   3.00   2.51
6  -7.25   4.00  -2.09  -3.48   1.00   0.61   6.41  -5.53  -8.54  -6.01   7.69   4.02  -1.00
    2.98   1.05   3.75   2.43   1.50   3.38   2.56   1.98   2.65   2.56   4.19   4.02   1.62
0 42  3
2 -11.52  11.59  -0.24  14.70  22.47
    2.00   1.20   1.30   1.10   1.30
4  -4.07   1.01   0.23  -1.93  -0.92   6.05  -0.18   3.96   0.57
    1.50   2.91   2.80   1.60   0.95   2.71   1.57   2.51   3.11
6  -7.25   3.54  -4.92  -2.52   2.48   2.49   5.41  -5.47  -8.24  -5.04   8.69   2.21   0.63
    1.70   1.05   2.64   1.30   2.39   3.61   2.56   2.51   2.00   2.61   4.32   1.56   1.97
0 43  3
2  -9.70  11.50  -1.04  14.40  23.00
    1.50   1.00   1.50   1.00   1.30
4  -3.50   1.90   0.23  -3.00  -2.02   6.50   0.02  -0.10  -2.05
    2.86   1.62   2.80   1.50   0.90   1.16   2.56   2.94   1.80
6  -4.83   4.54  -2.83  -3.81  -0.43   2.49   6.43  -6.47  -7.50  -6.00   3.67   3.00  -1.00
    4.29   1.47   2.50   1.30   4.05   2.79   2.59   1.50   1.59   2.61   2.68   1.56   2.20
0 44  3
2 -10.00  13.02   0.80  14.25  23.82
    1.50   1.00   1.50   1.00   1.50
4  -3.70   1.80   0.51  -3.50  -3.18   7.50  -1.00   0.00  -2.35
    4.27   2.08   2.39   1.50   2.59   1.14   2.56   2.94   2.40
6  -5.07   4.54  -2.83  -3.41  -0.67   1.90   8.22  -6.47  -8.50  -8.25   5.00   2.50  -0.70
    4.42   1.47   3.10   1.43   3.91   2.45   2.65   1.50   1.61   3.28   2.68   2.00   2.50
0 45  3
2 -10.22  12.64  -0.39  14.17  22.80
    2.00   1.50   1.50   1.50   1.50
4  -1.13   2.10  -1.69  -3.60  -4.18   5.27  -1.58  -0.99  -5.21
    2.72   2.08   2.92   2.80   2.59   1.93   2.44   3.50   2.46
6  -4.07   6.07  -0.65  -2.81  -1.67   1.71   5.43  -5.43  -8.41  -9.28   3.52   2.64   1.74
    3.74   2.77   3.23   1.47   3.91   2.45   2.09   3.04   2.22   1.59   1.94   1.60   2.35
0 46  3
2  -9.85  13.95  -0.39  13.50  22.80
    2.00   1.50   1.50   2.00   2.00
4  -1.13   2.57   0.51  -3.60  -2.75   5.73  -1.88  -0.04  -5.21
    3.84   1.66   2.12   2.76   3.00   1.77   3.18   3.09   2.46
6  -4.07   6.07  -0.13  -3.01  -0.21   0.56   4.83  -6.21 -10.40  -9.52   5.06   1.03   1.74
    3.71   2.77   2.00   1.77   2.16   2.98   1.50   2.95   1.61   1.86   2.28   2.39   2.35
0 47  3
2  -9.85  13.95  -0.56  13.50  23.94
    2.00   1.50   1.50   2.00   2.00
4  -3.72   2.73   1.41  -5.49  -2.75   5.73  -2.73  -0.04  -5.21
    3.84   1.50   1.50   1.60   1.50   2.09   1.56   1.57   3.00
6  -0.89   3.48  -0.13  -3.01  -0.21   0.48   4.83  -5.14 -10.40  -9.28   6.86   1.07  -2.55
    3.68   1.99   3.31   1.73   1.84   2.15   1.50   1.59   1.61   1.80   4.80   2.33   4.36
0 48  3
2  -8.00  13.88   0.56  14.64  26.00
    2.50   1.50   1.50   1.50   2.50
4  -1.87   2.57   1.41  -6.50  -3.50   9.30  -0.60   0.80  -4.00
    3.91   1.50   1.50   1.62   1.50   1.90   2.78   1.73   2.63
6  -3.30   5.00  -2.13  -4.50  -1.30   1.50   7.00  -7.21 -10.37 -10.50   7.00   2.50  -4.00
    3.28   1.99   2.18   1.73   1.71   2.86   3.35   1.59   2.33   2.06   1.84   2.52   2.28
0 49  3
2  -8.00  13.50  -0.82  14.83  28.01
    2.50   1.50   1.50   1.50   2.50
4  -1.25   2.50   1.40  -5.00  -3.80   9.50  -0.50   0.80  -4.50
    3.50   2.00   1.50   1.50   1.75   1.75   1.75   2.00   2.50
6  -2.00   4.57  -3.36  -4.50  -1.70   2.77   8.57  -8.00  -9.00  -9.80   6.40   3.00  -4.50
    3.28   2.12   3.38   1.50   1.50   2.76   4.95   2.08   2.33   2.36   2.16   2.52   2.34
0 54  3
2  -2.00  15.00   0.50  17.50  35.00
    3.00   3.00   2.00   3.00   4.00
4   3.00   0.81   3.00 -10.50  -6.35  14.50   0.50   2.00  -7.50
    4.00   4.00   3.00   3.00   3.00   4.00   3.00   3.00   3.00
6  -1.00   6.50  -6.80  -9.00  -4.00   2.80  13.77  -8.00  -8.00 -13.00   8.57   4.00  -6.00
    4.00   3.50   3.00   4.00   2.00   2.00   4.00   3.00   5.00   3.00   4.00   5.00   3.00
0 60  3
2   1.50  17.00  -1.50  20.00  41.00
    3.00   3.00   2.00   3.00   4.00
4   6.30  -3.00   3.00 -12.50  -7.50  17.55   0.92   2.20 -10.80
    4.00   4.00   3.00   3.00   3.00   4.00   3.00   3.00   3.00
6  -3.00   7.30  -8.50 -12.00  -6.50   4.50  18.00  -9.99 -13.00 -17.00  12.00   8.00  -9.75
    4.00   3.00   3.00   4.00   2.00   2.50   4.00   3.00   4.00   4.00   4.00   5.00   3.00
1  3  1
2   0.10   0.50   0.35  -1.20   2.00
    0.20   0.25   0.25   0.30   0.30
1  4  2
2   0.50   0.50   0.60  -1.90   2.30
    0.20   0.20   0.20   0.30   0.40
4  -0.15   0.25  -0.10   0.30   0.43   0.10   0.00   0.65  -0.02
    0.20   0.20   0.20   0.40   0.20   0.30   0.30   0.35   0.35
1  5  3
2   1.80   0.20   0.80  -3.20   3.30
    0.40   0.30   0.20   0.50   0.50
4  -0.33   0.72   0.05   0.36   0.38   0.00   0.75   0.24   0.15
    0.20   0.20   0.30   0.20   0.20   0.25   0.30   0.40   0.35
6  -0.15   0.12  -0.25   0.16   0.22   0.08   0.03  -0.13   0.05  -0.40   0.23   0.40   0.07
    0.25   0.25   0.30   0.30   0.25   0.35   0.35   0.35   0.40   0.50   0.40   0.65   0.45
1  6  3
2   2.10   0.10   0.20  -5.20   3.20
    0.35   0.25   0.30   0.50   0.35
4  -1.00   0.90  -0.18   1.26   0.50   0.00   0.77  -0.20   0.08
    0.50   0.30   0.40   0.40   0.35   0.40   0.40   0.60   0.55
6  -0.40   0.55  -0.32  -0.16   0.12  -0.35   0.00  -0.42  -0.85  -0.60   0.29   0.70   0.10
    0.60   0.40   0.50   0.50   0.40   0.35   0.40   0.50   0.50   0.60   0.60   0.85   0.85
1  7  3
2   3.80   0.20   0.50  -4.80   3.00
    0.35   0.25   0.40   0.40   0.35
4  -0.85   0.90   0.10   1.45   0.60   0.30   0.85   0.50  -0.10
    0.35   0.35   0.25   0.30   0.40   0.40   0.40   0.40   0.35
6   0.20   0.75  -0.10  -0.70   0.10   0.05   0.14  -0.13  -0.33  -0.15   0.45  -0.02   0.38
    0.45   0.25   0.25   0.30   0.25   0.35   0.35   0.35   0.25   0.30   0.40   0.40   0.40
1  8  3
2   4.95   0.50   0.75  -5.80   3.40
    0.35   0.25   0.45   0.45   0.35
4  -0.80   0.98   0.26   1.50   0.80   0.10   1.10   0.50  -0.25
    0.35   0.20   0.25   0.40   0.40   0.25   0.35   0.35   0.35
6  -0.30   0.80  -0.40  -0.45  -0.30  -0.03   0.09  -0.17  -0.75  -0.15   0.60   0.60   0.40
    0.35   0.30   0.25   0.30   0.30   0.30   0.25   0.30   0.35   0.30   0.35   0.40   0.40
1  9  3
2   6.50   0.75   0.85  -6.90   4.25
    0.35   0.25   0.50   0.60   0.35
4  -0.80   0.80   0.45   1.70   1.33   0.00   0.90  -0.30  -0.40
    0.50   0.30   0.45   0.40   0.40   0.50   0.35   0.45   0.40
6  -0.40   0.70  -0.40  -0.35  -0.60   0.00  -0.40  -0.55  -1.00  -0.11   0.40  -0.05   0.30
    0.45   0.40   0.50   0.50   0.50   0.45   0.45   0.50   0.50   0.50   0.45   0.45   0.50
1 10  1
2   8.00   0.50   0.85  -7.85   5.05
    0.40   0.45   0.70   0.70   0.40
2  4  3
2   0.90   1.30   0.50  -2.90   2.90
    0.60   0.50   0.50   0.60   0.50
4  -0.45   0.12   0.34   0.40  -0.15  -0.25   0.40  -0.35  -0.60
    0.40   0.35   0.30   0.35   0.30   0.35   0.35   0.30   0.40
6  -0.02   0.14  -0.25  -0.16  -0.16   0.31  -0.20   0.02  -0.19  -0.23   0.07   0.09   0.25
    0.34   0.32   0.34   0.35   0.34   0.34   0.34   0.35   0.42   0.43   0.39   0.34   0.34
2  5  3
2   0.70   2.90   1.00  -1.50   4.20
    0.80   0.50   1.00   1.00   1.00
4   0.20   0.35   0.45  -0.50  -0.70  -0.15   0.55   0.50  -0.79
    0.65   0.35   0.45   0.30   0.50   0.35   0.35   0.35   0.50
6   0.13   0.27  -0.09  -0.08  -0.75   0.59  -0.39  -0.36  -0.74  -0.15   0.52   0.24   0.38
    0.53   0.54   0.52   0.52   0.52   0.53   0.52   0.52   0.52   0.52   0.54   0.52   0.52
2  6  3
2  -2.10   3.50   1.90   0.70   6.30
    0.50   0.50   0.40   0.60   0.80
4   0.65   0.70  -0.15   0.00  -0.80   0.75   0.50   0.30  -1.70
    0.60   0.25   0.40   0.45   0.45   0.45   0.45   0.60   0.45
6  -0.10   0.50  -0.52  -0.74  -0.11   0.71   1.29  -0.18  -1.12  -0.41   0.06   0.66   0.20
    0.87   0.43   0.44   0.50   0.49   0.62   0.52   0.53   0.52   0.51   0.51   0.50   0.61
2  7  3
2  -3.00   5.00   1.80   0.20   9.00
    1.00   0.70   0.80   0.90   1.00
4   0.83   0.73   0.60  -1.05  -1.06   0.93   0.97  -1.60  -2.53
    1.25   0.65   0.65   0.80   0.85   0.60   1.25   1.35   0.75
6  -0.56   0.44   0.00  -1.59  -0.17   0.94   2.72  -0.89  -0.97  -2.27   0.31   1.48   2.01
    1.49   1.11   1.14   1.16   1.14   1.17   1.20   1.31   1.34   1.28   1.40   1.34   1.33
2  8  3
2  -4.80   5.10   2.10   1.40   9.50
    0.75   0.90   0.80   0.80   0.50
4   2.76   0.60  -0.60  -1.85  -1.00   0.50  -0.10  -0.50  -3.35
    0.60   0.50   0.50   0.45   0.45   0.40   0.45   0.60   0.66
6   1.21   1.88  -0.86  -1.24  -0.26   1.47   2.52  -0.78  -0.94  -1.30  -0.51   2.74   0.28
    0.72   1.16   0.55   1.07   0.47   0.44   0.49   0.93   0.60   0.56   0.51   0.62   0.90
2  9  3
2  -5.00   5.10   2.00   1.00  11.90
    2.00   1.25   1.50   2.00   1.50
4   2.74  -0.80  -1.17  -1.65  -1.24   0.89  -0.94  -0.04  -4.06
    1.11   1.00   1.25   0.65   0.85   0.75   0.75   0.99   0.99
6   0.25   2.15  -1.54  -1.74   1.34  -0.01   4.35  -2.01  -0.37  -2.44   0.55   2.22   0.12
    0.76   1.28   0.69   0.95   0.77   1.03   0.83   0.79   1.00   0.73   1.04   0.86   0.83
2 10  3
2  -6.00   5.90   2.90   2.50  14.00
    2.00   0.60   0.50   0.65   1.50
4   2.00   1.50  -1.50  -3.00  -1.83   0.25  -1.00   0.49  -5.40
    1.74   0.88   0.81   0.54   1.13   0.89   0.92   0.81   1.04
6   0.96   3.03  -1.88  -2.53   0.13   0.50   4.43  -0.49  -1.48  -3.32   1.13   1.52  -0.33
    1.57   1.06   1.15   0.59   1.08   0.64   1.05   1.03   0.96   1.29   0.98   1.10   1.09
2 11  3
2  -4.00   5.75   3.00   3.00  13.50
    2.50   1.50   1.50   1.20   2.00
4   1.81   0.34  -2.17  -4.34  -2.67   0.44  -0.13   1.87  -4.67
    2.75   1.34   1.33   1.53   1.29   1.60   1.46   2.16   2.10
6   3.48   3.56  -4.56  -1.34  -1.17   0.09   6.80  -1.08  -1.78  -2.86   0.53   0.79  -3.06
    2.82   2.05   1.76   1.58   1.95   2.60   2.32   1.84   2.20   1.67   1.84   2.26   1.73
2 12  3
2  -6.00   4.00   1.00   2.00  14.00
    2.50   1.50   1.50   1.50   2.80
4   1.00   0.50  -2.00  -3.00  -1.24   0.65  -0.36   0.50  -5.00
    3.00   2.87   3.51   2.62   2.52   3.17   3.03   3.19   3.00
6  -0.52   1.66  -1.38  -2.59  -0.61  -0.45   3.52  -1.57  -2.65  -2.54   2.45   0.14  -0.91
    3.75   1.95   3.89   3.21   2.50   1.80   4.06   3.21   3.00   2.16   3.45   3.32   4.03
2 13  3
2  -3.50   4.00   3.00   1.00  14.00
    2.50   1.50   2.00   2.00   3.50
4   2.50   0.41  -0.80  -3.50  -0.58   2.00  -1.89   0.59  -4.76
    2.00   1.20   0.98   0.76   0.92   1.30   0.88   1.10   2.00
6   0.75   1.68  -1.00  -2.02  -1.02   0.98   2.77  -0.98  -1.19  -1.75   2.47  -2.15  -1.14
    0.88   1.14   1.26   0.92   1.24   1.26   0.92   1.36   1.08   1.14   1.26   1.02   1.00
3  6  2
2   3.30   2.60   2.65  -7.00   6.49
    2.00   1.09   1.32   2.14   1.84
4   0.30   2.15  -1.24   1.12  -2.29  -1.92  -2.48  -3.67  -1.42
    3.04   1.49   1.92   1.96   1.79   1.66   1.59   2.31   1.56
3  8  2
2   3.00   2.74   2.23  -5.15   9.09
    2.00   0.66   1.63   1.55   1.50
4   0.73  -0.29  -0.06   0.78  -0.06  -0.77   0.58  -1.90  -0.34
    2.64   1.47   1.25   0.90   1.07   0.94   1.02   1.87   1.17
3  9  2
2   1.50   4.29   3.54  -7.33  11.26
    1.50   0.69   0.71   1.02   1.50
4  -1.37   1.05   2.09   0.10   3.53  -0.60   0.81  -2.81   1.32
    1.28   0.83   1.21   0.83   0.90   0.78   1.01   1.02   0.88
5  4  3
2  -0.45   0.50   0.50  -0.80   2.90
    0.30   0.25   0.25   0.35   0.45
4  -0.22   0.05  -0.60  -0.35  -0.90  -0.60   0.20   0.30  -0.40
    0.25   0.30   0.40   0.45   0.30   0.30   0.35   0.25   0.30
6  -0.03  -0.50  -0.15   0.05   0.79  -0.14  -0.75   0.26   0.01  -0.05   0.65   0.07   0.44
    0.40   0.35   0.25   0.25   0.25   0.25   0.25   0.25   0.25   0.25   0.30   0.25   0.25
5  5  3
2  -0.32   0.60   1.06  -1.60   4.20
    0.40   0.30   0.30   0.25   0.35
4  -0.40   1.00  -0.47  -0.70  -0.75  -0.95   0.20   0.30  -1.00
    0.35   0.30   0.25   0.50   0.30   0.30   0.40   0.40   0.30
6  -0.17   0.25  -0.10   0.20   0.41  -0.11   0.60   0.17   0.10   0.37  -0.79   0.01   0.22
    0.50   0.32   0.36   1.01   0.46   0.78   0.75   0.72   1.02   0.69   0.92   0.83   0.59
5  6  3
2   0.10   0.46   2.00  -3.00   5.75
    0.35   0.20   0.40   0.40   0.30
4  -0.75   1.50  -0.44   0.10  -0.40  -1.05  -0.20  -0.70  -1.00
    0.40   0.25   0.35   0.40   0.30   0.25   0.35   0.50   0.50
6  -0.13   0.23   0.10   0.06   0.70   0.32   0.81  -0.22  -0.30   0.05  -0.50   0.26   0.25
    0.40   0.30   0.28   0.42   0.47   0.30   0.30   0.43   0.41   0.35   0.56   0.46   0.43
5  7  3
2   0.52   0.15   1.93  -4.15   5.86
    0.50   0.25   0.30   0.40   0.35
4  -1.20   1.45  -0.55   0.03  -0.40  -1.65   1.10   0.27  -1.02
    0.70   0.50   0.50   0.30   0.35   0.30   0.30   0.35   0.50
6  -0.48   0.99   0.09  -0.61   0.54   0.01   0.72   0.31  -0.37  -0.19  -1.07   0.87   0.15
    0.45   0.35   0.33   0.32   0.30   0.35   0.35   0.35   0.31   0.36   0.35   0.39   0.38
5  8  3
2   0.89   0.13   2.03  -4.85   6.80
    0.50   0.30   0.30   0.35   0.45
4  -2.30   1.22  -0.40   0.25  -0.68  -1.10   1.45  -0.50  -1.85
    0.50   0.30   0.40   0.40   0.40   0.40   0.50   0.60   0.45
6  -0.93   1.22  -0.33   0.14   0.87   0.12   0.33   0.26  -0.85  -1.09  -0.40   1.50   0.01
    0.52   0.42   0.42   0.42   0.44   0.44   0.47   0.49   0.43   0.44   0.43   0.53   0.42
