Self-coupled splitting function coefficients in micro Hz. The first line contains the n, l of 
the mode. 
Then there are two lines for each angular order s of the splitting function, starting with s=2. 
The first of these contains the c_st coefficients and the second line the corresponding error values. 
The coefficients are ordered c_s0, Re(c_s1), Im(c_s1), Re(c_s2), Im(c_s2), ... etc.
1  2
 -2.97  -1.38
  0.61   0.08
 -1.80  -0.33  -0.12   0.54   0.57
  0.35   0.55   0.50   0.35   0.37
  0.26  -0.64   0.33  -0.11  -0.27   0.06  -0.38  -0.03   0.25
  0.68   0.59   0.57   0.74   0.46   0.32   0.21   0.16   0.24
1  3
 -2.40  -1.55
  0.28   0.15
  0.00  -0.23   0.28  -1.12   2.03
  0.45   0.33   0.26   0.30   0.45
 -0.46  -0.44  -0.89  -0.47  -1.62  -0.21   0.37   0.69  -0.11
  0.27   0.23   0.58   0.38   0.30   0.35   0.33   0.25   0.54
  0.55  -1.20  -0.69   0.20  -0.51  -0.50  -0.72  -0.37  -0.48   0.34   0.08  -0.68  -0.62
  0.40   0.50   0.37   0.21   0.43   0.36   0.39   0.31   0.32   0.36   0.39   0.22   0.27
1  5
 -1.06  -2.36
  0.46   0.48
  2.82   0.92   1.32  -3.74   3.32
  0.78   0.31   0.36   0.34   0.81
  0.44  -0.58   0.15  -0.15  -1.38  -0.08   0.63  -1.36   0.12
  0.72   0.49   0.54   0.74   0.50   0.48   0.59   0.49   0.65
 -0.33  -0.96   0.39  -0.89   0.54   0.62   0.97   0.50   1.23   0.49  -1.18   0.24  -0.22
  0.46   0.58   0.27   0.81   0.58   0.83   0.65   0.68   0.70   0.50   0.67   0.51   0.53
 -1.97  -0.17  -0.05   0.01   0.16   0.15  -0.16   0.03  -0.16   0.75  -0.17   0.34  -1.47   0.98  -0.35  -0.77   0.45
  0.85   0.33   0.72   0.36   0.64   0.64   0.61   0.81   0.54   0.74   0.56   0.80   1.07   0.44   0.47   0.35   0.55
 -0.30  -0.13  -0.54  -0.43  -0.59   1.26  -0.46   0.67  -0.40  -0.14   0.80  -0.08   0.37  -0.19  -0.92  -0.80  -0.23  -0.13  -0.30   0.59  -0.37
  1.10   0.45   0.74   0.49   0.99   1.22   0.51   0.57   0.38   0.42   0.92   0.35   0.54   0.44   0.33   0.61   0.37   0.35   0.47   0.39   0.45
1  6
 -1.27  -1.75
  0.41   0.23
  1.90   0.23   0.75  -4.60   5.27
  0.23   0.27   0.44   0.44   0.52
  0.68   0.60   0.13  -0.01  -0.68  -0.41  -0.13  -1.06  -0.48
  0.34   0.23   0.34   0.32   0.38   0.60   0.36   0.26   0.25
 -0.07   0.58   0.11  -0.09  -0.69  -0.21  -0.17  -0.50  -0.30   0.67  -0.55   0.16  -0.50
  0.56   0.44   0.38   0.39   0.67   0.40   0.55   0.38   0.29   0.25   0.25   0.25   0.35
 -0.70   1.47  -0.92   0.01   0.38   0.77   1.06  -0.21   0.16  -0.86   0.71  -0.22  -0.80   0.49  -0.84  -1.69   1.97
  0.58   0.62   0.39   0.39   0.39   0.53   0.38   0.78   0.41   0.60   0.28   0.49   0.43   0.83   0.52   0.67   0.58
  0.63  -0.55   0.77  -0.28  -0.38  -1.52   1.51   0.11   0.78   1.30   1.07   0.78  -0.24   0.12  -0.87  -0.13  -0.60   0.09  -0.80  -0.27   0.46
  0.34   0.34   0.49   0.45   0.39   0.47   0.93   0.50   0.31   0.55   0.35   0.39   0.35   0.46   0.69   0.19   0.60   0.40   0.26   0.49   0.50
 -0.11  -0.23  -0.08   0.31   0.38   0.65  -0.30   0.53   0.94  -0.49  -0.06   0.44   0.37   0.58  -0.88  -0.62  -0.37  -0.12   0.00   0.22   0.28   0.15   0.83  -0.62  -0.91
  0.31   0.23   0.37   0.28   0.24   0.39   0.64   0.29   0.35   0.25   0.30   0.34   0.58   0.43   0.36   0.49   0.21   0.40   0.36   0.32   0.32   0.43   0.29   0.32   0.55
1  7
 -1.38  -2.81
  0.22   0.30
  1.78   1.54   0.55  -4.88   6.03
  0.53   0.37   0.25   0.48   0.50
 -0.61   0.37   0.37  -0.42  -0.15  -0.68  -0.43   0.11  -1.05
  0.26   0.26   0.41   0.44   0.34   0.23   0.36   0.39   0.27
  0.29  -0.66   0.61  -1.27   1.37   0.83   0.48  -0.39  -0.00   1.61  -0.30   0.11   0.58
  0.62   0.39   0.32   0.30   0.45   0.48   0.34   0.58   0.53   0.55   0.71   0.28   0.41
 -0.51   0.46  -0.18   1.45   0.87  -1.21   1.15  -1.51   0.67   0.68  -0.21   0.19  -1.40   1.34  -0.76  -0.74   0.50
  0.24   0.45   0.40   0.59   0.74   0.53   0.41   0.28   0.38   0.45   0.44   0.32   0.28   0.58   0.23   0.33   0.39
  0.77  -1.50   0.37   0.63   0.84   0.45   0.89  -0.95  -0.81   0.55   0.16   0.22  -1.06   0.67   0.49   0.23  -0.28   1.22   0.28   0.45   0.83
  0.51   0.30   0.45   0.56   0.24   0.39   0.63   0.52   0.50   0.44   0.40   0.74   0.33   0.52   0.52   0.54   0.60   0.41   0.29   0.49   0.64
  0.10   0.26   0.31  -0.48   0.11  -0.62   0.18   1.54  -0.58  -0.45  -0.31   2.06   0.77   0.33   2.15   2.14  -0.34  -0.27   0.04  -0.51  -1.05   0.41   0.46  -0.45   0.71
  0.31   0.50   0.46   0.53   0.31   0.47   0.61   0.27   0.31   0.34   0.52   0.96   0.30   0.63   0.84   0.39   0.24   0.47   0.29   0.39   0.59   0.35   0.30   0.55   0.25
 -0.03  -0.60   0.06  -0.59  -0.50  -0.77  -0.13  -1.23   1.20   0.68   0.94   0.70  -0.94  -1.51  -0.48  -0.45   0.05   0.41  -0.60  -0.01   0.26  -1.33  -0.29  -0.25   0.00  -0.16  -1.07  -0.52  -0.60
  0.34   0.47   0.44   0.20   0.28   0.25   0.54   0.38   0.61   0.33   0.45   0.56   0.47   1.15   0.20   0.27   0.35   0.26   0.40   0.56   0.30   0.23   0.30   0.22   0.40   0.21   0.35   0.16   0.29
1  13
 -4.91  -2.28
  0.36   0.51
  1.59   1.84   0.76  -3.54   9.72
  0.56   0.35   0.25   0.29   0.41
  0.13   2.78  -1.84  -0.71  -1.61  -1.32   1.40   1.65  -3.33
  0.56   0.36   0.78   0.46   0.27   0.44   0.36   0.51   0.33
 -1.92   0.75  -1.00  -2.32   0.31   0.22   3.33  -2.22  -1.29  -2.15  -0.09   1.91  -1.25
  0.48   0.65   0.62   0.44   0.82   0.53   0.78   0.39   0.21   0.60   0.73   0.46   0.24
 -0.01   0.99   0.35   0.71   0.64   1.60   1.35  -1.92  -2.33  -0.41   0.02   1.15  -1.43  -1.82  -0.54  -0.64  -0.18
  0.32   0.51   0.34   0.28   0.38   0.48   0.73   0.48   0.45   0.35   0.62   0.49   0.42   0.46   0.29   0.75   0.48
 -0.07  -1.00   0.28   0.56  -0.89   0.60  -0.22   0.58  -0.44   2.94  -0.51  -0.24  -0.66  -0.39  -0.35   0.16  -0.81   1.36  -0.67   0.90  -1.09
  0.54   0.40   0.40   0.50   0.38   0.41   0.45   0.66   0.43   0.82   0.50   0.38   0.56   0.84   0.39   1.44   0.41   0.87   0.69   0.60   0.86
1  14
 -7.35  -1.67
  0.22   0.20
  0.86   1.01   1.29  -1.53  11.05
  0.37   0.19   0.32   0.31   0.57
  0.89   2.10  -1.26  -2.05  -1.13   0.57   1.35   1.19  -4.57
  0.46   0.28   0.32   0.29   0.77   0.43   0.37   0.30   0.67
  0.92   1.64  -2.35  -2.66  -0.24   1.34   2.82  -1.01  -1.11   0.29   0.47   0.49  -1.60
  0.45   0.41   0.32   0.43   0.42   0.38   0.30   0.32   0.52   0.38   0.37   0.53   0.43
  1.12   1.56   0.35  -0.95   0.62   1.48   2.16  -0.78  -1.79   1.26   1.51   0.70  -1.06  -0.78  -0.21   1.81  -1.39
  0.33   0.72   0.47   0.34   0.30   0.59   0.53   0.30   0.36   0.41   0.65   0.56   0.53   0.72   0.35   0.65   0.25
  0.44  -1.58  -1.30  -0.47  -1.40   1.20   1.16   0.77   1.01   0.16  -0.81   0.16   1.14  -1.42  -1.02   0.55   0.49   0.52   0.70  -0.69  -0.24
  0.40   0.40   0.61   0.44   0.41   0.37   0.52   0.37   0.20   0.38   0.26   0.77   0.31   0.47   0.68   0.37   0.43   0.22   0.41   0.40   0.35
2  3
  1.09  -2.40
  0.77   0.64
  1.39   0.05   0.73  -0.85   2.39
  0.57   0.31   0.53   0.55   1.08
  0.07  -0.94   0.20  -0.02  -0.24   0.46   0.31  -0.94  -0.34
  0.52   0.35   0.48   0.21   0.43   0.75   0.44   0.60   0.30
  0.46   0.75   2.10   0.34  -0.51   0.53  -0.22   0.24   0.22   0.18  -0.44  -0.61   0.81
  0.52   0.44   0.92   0.20   0.82   0.42   0.49   0.57   0.24   0.33   0.54   0.56   0.91
2  5
 -0.79  -2.69
  0.55   0.91
  3.95   0.26   0.64  -5.87   8.63
  0.64   0.60   0.87   0.51   0.73
2  7
 -2.58  -2.09
  1.18   0.40
  9.71   0.27   0.36  -7.49   8.97
  2.24   0.48   2.20   0.89   1.19
 -3.82   1.43  -1.10  -1.18  -1.08  -1.29   0.17  -2.22  -1.32
  1.58   1.82   0.98   1.33   0.79   1.61   1.16   0.60   1.18
 -3.56   0.68  -0.44  -1.21  -0.30   0.63   0.45  -1.97  -0.39   0.13  -0.47   1.92   0.15
  1.03   0.98   1.13   1.52   0.98   0.64   0.98   1.32   2.55   0.85   0.55   1.15   0.75
2  8
 -4.98  -3.18
  0.28   1.85
 10.10   1.70   0.59  -8.85  10.61
  0.80   0.38   0.26   0.34   0.46
 -1.60   2.48  -0.32  -0.62  -0.97  -0.23  -0.49  -1.23  -3.85
  1.62   1.42   1.46   1.26   0.33   0.64   0.52   0.54   0.88
 -3.20   0.09  -1.49  -3.12  -0.64   2.51   1.52  -2.30   0.71  -0.34   0.84  -0.04   0.14
  1.60   1.01   1.17   0.56   0.89   2.23   0.75   0.62   1.53   1.31   1.25   0.40   0.69
  0.71   2.82   0.73  -1.04   0.07   2.88   0.60  -0.64   1.03   2.10  -1.19   2.27  -3.10  -0.74  -0.27  -1.17   0.65
  2.22   0.52   0.82   0.83   0.63   2.41   1.45   0.59   0.52   0.74   1.29   1.99   0.45   1.52   0.65   1.46   0.95
2  13
 -8.36  -3.10
  0.74   0.41
 11.26   0.11   0.76  -9.79  10.62
  2.18   0.60   0.66   0.80   1.01
  1.28   3.20   0.46   0.59  -2.13  -0.48   0.82  -3.75  -4.44
  2.65   1.77   1.25   0.88   0.53   1.24   0.91   1.20   1.33
  1.20   2.44   0.98  -1.79  -1.36  -1.75   3.86  -1.86  -2.18  -1.00   5.51   2.65  -0.92
  1.11   1.43   0.57   0.59   1.88   1.19   0.82   1.23   1.59   1.23   1.18   1.32   1.01
2  14
 -9.13  -5.98
  0.85   0.76
 11.85   0.09   0.89 -12.53  10.51
  1.85   1.55   1.95   1.18   1.21
 -1.76   6.84  -4.21   0.40   4.11   0.99  -0.03   3.74  -2.71
  1.52   2.52   2.65   1.74   2.66   2.93   1.48   2.49   1.72
 -3.93   1.46  -4.65   3.08  -1.68   2.80   3.94  -0.17  -0.60  -1.74   0.60   3.39  -3.87
  3.38   1.24   2.46   1.85   2.58   2.39   2.35   1.28   2.17   1.83   1.43   1.21   2.48
 -1.86   1.53   0.90  -5.47   2.87  -3.37  -0.18   1.38  -5.52   7.67   2.99  -2.26   0.84   0.88  -1.20   2.23   1.69
  3.14   2.30   1.56   2.98   3.72   2.06   2.29   1.88   1.52   2.69   2.17   1.05   2.07   1.70   2.94   1.64   1.23
 -0.03   4.38   0.47   0.54   2.16   0.72  -2.31  -1.28  -3.78  -2.80   0.13  -3.31   2.37  -4.42   2.88  -5.28   1.26  -0.23  -4.09  -2.07  -0.64
  1.34   1.85   2.77   2.54   2.45   2.55   3.12   2.06   1.08   3.19   1.91   1.84   2.82   2.94   1.54   3.27   2.57   4.81   4.38   2.37   1.76
2  15
-12.17  -5.18
  0.79   0.78
 10.12  -0.68   4.88  -9.41  11.95
  1.50   1.13   1.02   1.20   1.01
  3.03   0.71  -4.79   2.53   0.62  -1.41   1.63   4.05  -6.06
  1.85   1.97   1.40   0.70   2.08   1.00   1.28   0.98   1.82
 -4.32   5.63  -1.24  -0.52   4.18  -1.08   4.42  -3.20   2.37  -1.61  -3.92   1.03  -1.35
  1.75   0.98   1.84   1.68   1.58   1.20   0.68   1.82   0.94   1.55   1.18   1.32   1.68
2  16
-12.05  -2.66
  1.88   1.52
  7.38  -0.66   5.46 -14.14  11.83
  1.55   1.78   2.64   4.12   1.02
 -1.04   8.00  -5.31  -4.72   0.90   5.82   6.77   1.85  -2.62
  2.94   2.38   1.32   2.20   2.33   2.43   1.54   0.98   3.67
3  1
-12.13   1.60
  3.12   1.53
  0.28  -0.20  -0.71   6.32  -4.10
  1.61   1.27   1.31   1.68   1.17
3  7
-12.85  -5.77
  0.84   0.32
 13.11  -0.66   3.03 -10.78  13.43
  0.98   0.76   1.89   1.14   1.32
 -0.83  -1.08  -0.80   0.45   0.69   1.27   0.42  -0.99  -0.23
  0.87   1.25   1.06   1.07   0.55   1.24   0.65   0.89   1.23
 -3.12   3.08  -1.60  -1.95   0.40   0.34   1.64  -0.29  -0.37  -3.78   0.00  -0.16  -2.26
  1.05   0.47   1.01   0.43   0.68   1.05   1.40   1.01   0.77   1.02   0.82   1.09   1.05
3  16
-10.50  -4.08
  0.80   0.76
 16.77   2.73   1.35 -17.87  15.09
  1.40   0.97   1.81   0.59   1.04
4  9
-12.22  -2.57
  1.38   0.95
 11.74  -0.71  12.81 -15.57  15.20
  0.69   2.00   1.60   2.32   1.08
