# Center frequencies uncorrected for rotation and ellipticity!
# Mode f(muHz) f_err rot_correction Q (1000/Q) Q_err
0 T 2   376.60    0.80  0.67    -       -
0 T 3   587.26    0.66  0.33    4.50    0.9
0 T 4   766.73    0.37  0.18    3.77    0.33
0 T 5   928.97    0.37  0.10    4.92    0.30
0 T 6   1079.51   0.18  0.05    4.24    0.27
0 T 7   1221.50   0.30  0.01    4.84    0.18
0 T 8   1356.80   0.25  0.00    4.82    0.16
0 T 9   1487.56   0.16  0.00    5.00    0.20
0 T 10  1614.62   0.17  0.00    5.42    0.26
1 T 6   1925.51   0.45  0.00    3.00    0.27
